618140
1069740
1307090
1239260
1168660
485450
585830
754120
450850
438480
450860
485440
585950
551110
636150
439250
460960
346500
446640
562360
448780
431710
462960
539720
525300
485950
407420
96100
428900
463480
484890
352120
518730
568500
388550
605210
457520
614910
496120
341310
394540
514890
512740
278570
391260
540190
360010
420850
574820
434570
614900
508820
607030
294230
530540
628750
273500
506730
584100
557030
538920
387930
607040
378270
438080
578830
604830
503830
461640
545690
550810
552580
577460
511330
529900
584800
270570
453960
485860
485920
500340
554150
421810
410670
586130
364890
601180
580420
438010
621050
346080
418040
487700
618490
551080
604780
571870
444410
579150
579150
571870
401190
469890
396360
621150
575780
575700
551930
571020
439910
458600
397500
488280
514460
601010
508170
586380
395380
540900
461010
627950
619400
554800
503820
539750
555710
526540
357290
489220
343340
547960
535760
541380
293180
448070
343360
303390
399790
396160
407230
548480
423720
486480
629380
533340
1392060
361350
1153430
215770
350810
1070580
335010
1008710
345640
1290070
960190
525690
513230
627410
490510
514580
389310
552130
371010
574640
948900
467220
993740
72400
375580
1035610
436390
433790
509920
399430
355920
627670
449170
570890
490300
370700
495570
622890
349500
933070
487530
508730
596870
813540
523150
1252560
546170
340500
523900
344230
547710
611770
338830
459640
271640
455690
590950
386110
500580
542350
853380
606960
628760
603030
424870
1587560
393240
388620
620940
607440
484830
343100
1293230
604140
528070
519870
362140
539460
395250
384740
434820
412880
806140
315070
602790
635880
504880
604150
404690
362130
496640
351160
362150
1070330
370780
1184160
754040
562730
487370
556260
395400
588710
615610
513980
1334010
490910
614950
370640
1334000
332480
359340
491280
391140
521980
615680
482330
635060
449090
392940
285010
453830
522340
585090
448060
332410
508840
392920
546340
370620
725780
334850
1349040
618760
602910
552570
439930
944220
423550
632050
577740
1072120
456660
418270
619740
338840
385900
776960
860910
356880
531920
474830
414920
373290
745740
586320
522570
776340
630060
603090
453980
581030
683830
428630
1124660
614960
634340
496650
357070
577080
416550
546400
461380
805940
575760
434890
720470
562640
381870
545470
550370
1334590
369040
447850
547310
542930
604010
536750
585690
555930
862570
488210
319760
526790
438000
467390
389270
597230
428430
433950
355020
263980
440760
440760
376730
575680
502400
448440
576810
564210
416080
914690
529420
418070
614460
715010
461730
448020
469730
364350
967250
509390
467310
485730
473520
485830
567780
420740
525190
326990
394870
587420
467090
513340
509850
562520
473140
585550
594720
385150
582920
560710
656610
596590
430080
576410
603010
371280
509110
654350
463210
603060
498660
874400
725280
531520
569610
602880
597040
390880
575920
513780
528670
595640
512550
521230
451880
601240
485330
589640
596810
617710
368710
595440
369000
335210
448630
528510
618610
603190
578590
632200
463220
380550
554330
530860
385400
623550
728990
454200
466840
306410
506670
508290
444260
634230
347560
619340
689360
499420
428950
364910
438180
487220
581600
763360
496750
473470
349460
515470
363670
267730
375510
546980
497050
586620
458030
383330
502140
557680
546990
515690
332790
412600
449200
403900
512640
585560
70100
491650
331790
563120
70110
377310
438030
536040
311860
577890
432170
473560
444480
528770
555920
538590
605110
543910
715980
418000
620130
290650
455970
432410
531860
461370
331400
615690
568860
584780
370690
513930
465190
295250
482890
732670
674380
562600
432470
586790
438020
389700
572010
453670
524030
486020
400740
513570
745670
399230
391070
388660
363610
586600
753990
590870
493650
423710
545700
453820
541960
403560
385080
410210
375320
485350
576480
559960
454970
346670
454100
485500
607210
498620
521430
514360
490870
618750
474050
380120
365400
354180
541920
548720
339290
402980
461360
451920
566560
543170
573210
399420
536420
597810
575770
544870
595780
575750
637330
603360
476240
344910
370510
552900
551500
416290
610670
602930
461490
313020
366760
383630
391170
461390
508760
432990
463880
301190
546930
481600
392820
711070
534560
508630
375460
358080
611860
1111030
334620
1077410
1035930
1079310
963330
1566060
498320
365580
279260
320400
292380
514920
286810
562160
288930
376490
395170
371420
402220
355430
11280
414580
281060
340830
628570
462110
415350
315920
447890
533820
386140
308040
380000
428100
463930
340300
340320
575950
321870
253650
521590
375020
435420
298830
281750
352140
332400
340310
361190
402940
298840
297450
569970
456810
280140
533330
545800
595550
298820
34900
555410
265330
307070
392930
448000
473670
521100
610780
409340
506760
440730
474910
470450
1395560
449220
364050
545410
434210
463110
619220
361890
527760
575580
513620
575860
339470
357900
448470
527770
354920
527800
507380
507390
567680
376480
454750
555670
292630
463710
424000
280640
473540
551550
502090
527790
466890
541370
496680
503680
434920
370710
458420
489570
457820
581200
542880
623580
587810
416250
318430
283180
377360
567060
391660
615700
432240
504770
385070
368050
567340
618470
397090
581670
370660
222160
603000
436530
582210
374460
502910
546790
455710
554530
488580
486850
610730