165867
358473
456071
429868
399411
616467
151357
222265
96907
92405
213185
109181
151396
136710
174800
92666
100503
59452
95388
141312
96177
89716
101256
132236
125394
109320
80398
8967
88885
101440
108983
61395
121540
143825
73618
159536
99340
164808
113131
57397
75713
120173
119366
38036
74703
132381
64228
85762
146398
90671
164805
117687
160646
41626
127811
170917
36912
116923
150400
139330
131813
73401
160649
70293
92277
147860
159363
115923
100755
134540
136517
137225
147384
119074
127458
150967
88261
98047
109293
109311
114755
138090
102444
81768
151447
65763
157930
148773
92244
166865
59301
84533
109942
165966
136695
159342
145222
94504
148004
148004
145222
78197
103823
76322
166895
146732
146708
137025
144934
92887
99690
76723
111122
127931
157884
117458
151518
76389
132644
100518
170581
166272
138331
115920
132245
138771
126088
63307
110468
58200
135409
